1703797632924 1.0000000000000002e-06 10
1703797638480 2.0000000000000003e-06 20
1703797644024 3e-06 30
1703797649560 4.000000000000001e-06 40
1703797655106 5e-06 50
1703797660639 6e-06 60
1703797665909 7.000000000000001e-06 70
1703797671425 8.000000000000001e-06 80
1703797676929 9e-06 90
1703797682483 1e-05 100
1703797688026 1.1000000000000001e-05 110
1703797693543 1.2e-05 120
1703797698694 1.3000000000000001e-05 130
1703797704214 1.4000000000000001e-05 140
1703797709758 1.5e-05 150
1703797715275 1.6000000000000003e-05 160
1703797720785 1.7000000000000003e-05 170
1703797726304 1.8e-05 180
