1703797370073 1.0000000000000002e-06 10
1703797375684 2.0000000000000003e-06 20
1703797381261 3e-06 30
1703797386813 4.000000000000001e-06 40
1703797392348 5e-06 50
1703797397892 6e-06 60
1703797403083 7.000000000000001e-06 70
1703797408601 8.000000000000001e-06 80
1703797414206 9e-06 90
1703797419835 1e-05 100
1703797425475 1.1000000000000001e-05 110
1703797431069 1.2e-05 120
1703797436322 1.3000000000000001e-05 130
1703797441944 1.4000000000000001e-05 140
1703797447502 1.5e-05 150
1703797453022 1.6000000000000003e-05 160
1703797458549 1.7000000000000003e-05 170
1703797464076 1.8e-05 180
