1703797085346 1.0000000000000002e-06 10
1703797090875 2.0000000000000003e-06 20
1703797096520 3e-06 30
1703797102125 4.000000000000001e-06 40
1703797107731 5e-06 50
1703797113345 6e-06 60
1703797119649 7.000000000000001e-06 70
1703797125252 8.000000000000001e-06 80
1703797130850 9e-06 90
1703797136450 1e-05 100
1703797142041 1.1000000000000001e-05 110
1703797147639 1.2e-05 120
1703797152867 1.3000000000000001e-05 130
1703797158460 1.4000000000000001e-05 140
1703797164078 1.5e-05 150
1703797169686 1.6000000000000003e-05 160
1703797175300 1.7000000000000003e-05 170
1703797180903 1.8e-05 180
